0 23 0 0 1 1 1 0 1 0 0 1 0 1 1 1 1 1 1 1 1 1 0 0 0 
0 33 0 0 1 1 1 0 1 0 0 1 0 1 1 1 1 1 1 1 1 1 1 1 1 1 1 1 1 1 1 0 0 1 1 
0 29 0 0 1 1 1 0 1 0 0 1 0 1 1 1 1 1 1 1 1 1 1 1 1 1 1 1 1 1 0 
0 25 0 0 1 1 1 0 1 0 0 1 0 1 1 1 1 1 1 1 1 1 1 1 1 0 1 
0 28 0 0 1 1 1 0 1 0 0 1 0 1 1 1 1 1 1 1 1 1 1 1 1 1 1 1 0 0 
0 24 0 0 1 1 1 0 1 0 0 1 0 1 1 1 1 1 1 1 1 1 1 1 0 1 
0 33 0 0 1 1 1 0 1 0 0 1 0 1 1 1 1 1 1 1 1 1 1 1 1 1 1 1 1 1 1 0 0 1 0 
0 28 0 0 1 1 1 0 1 0 0 1 0 1 1 1 1 1 1 1 1 1 1 1 1 1 1 0 0 0 
0 17 0 0 1 1 1 0 1 0 0 1 0 1 1 1 0 0 1 
0 21 0 0 1 1 1 0 1 0 0 1 0 1 1 1 1 1 1 1 0 0 1 
32 7 1 1 1 1 1 1 0 
0 21 0 0 1 1 1 0 1 0 0 1 0 1 1 1 1 1 1 1 0 0 0 
0 24 0 0 1 1 1 0 1 0 0 1 0 1 1 1 1 1 1 1 1 0 0 1 1 0 
32 7 1 1 1 1 1 1 1 
0 24 0 0 1 1 1 0 1 0 0 1 0 1 1 1 1 1 1 1 1 0 0 1 1 1 
0 23 0 0 1 1 1 0 1 0 0 1 0 1 1 1 0 1 1 1 1 0 1 1 0 
0 19 0 0 1 1 1 0 1 0 0 1 0 1 1 1 1 1 1 0 0 
0 19 0 0 1 1 1 0 1 0 0 1 0 1 1 1 1 1 0 0 1 
0 19 0 0 1 1 1 0 1 0 0 1 0 1 1 1 1 1 0 0 0 
0 18 0 0 1 1 1 0 1 0 0 1 0 1 1 1 0 1 0 1 
0 17 0 0 1 1 1 0 1 0 0 1 0 1 1 1 1 0 1 
0 17 0 0 1 1 1 0 1 0 0 1 0 1 1 1 1 0 0 
0 18 0 0 1 1 1 0 1 0 0 1 0 1 1 1 0 0 0 1 
0 21 0 0 1 1 1 0 1 0 0 1 0 1 1 1 1 1 1 1 0 1 1 
0 21 0 0 1 1 1 0 1 0 0 1 0 1 1 1 1 1 1 1 0 1 0 
0 18 0 0 1 1 1 0 1 0 0 1 0 1 1 1 0 0 0 0 
0 23 0 0 1 1 1 0 1 0 0 1 0 1 1 1 0 1 1 1 1 0 1 1 1 
0 24 0 0 1 1 1 0 1 0 0 1 0 1 1 1 1 1 1 1 1 1 1 0 0 1 
0 24 0 0 1 1 1 0 1 0 0 1 0 1 1 1 1 1 1 1 1 1 1 0 0 0 
0 25 0 0 1 1 1 0 1 0 0 1 0 1 1 1 1 1 1 1 1 1 0 0 1 1 0 
0 33 0 0 1 1 1 0 1 0 0 1 0 1 1 1 1 1 1 1 1 1 1 1 1 1 1 1 1 1 1 0 1 1 1 
0 33 0 0 1 1 1 0 1 0 0 1 0 1 1 1 1 1 1 1 1 1 1 1 1 1 1 1 1 1 1 0 1 1 0 
1015 3 0 0 0 
0 24 0 0 1 1 1 0 1 0 0 1 0 1 1 1 1 1 1 1 1 1 1 1 0 0 
26 8 0 0 1 1 1 0 1 1 
0 26 0 0 1 1 1 0 1 0 0 1 0 1 1 1 1 1 1 1 1 1 1 1 1 0 0 1 
0 26 0 0 1 1 1 0 1 0 0 1 0 1 1 1 1 1 1 1 1 1 1 1 1 0 0 0 
0 28 0 0 1 1 1 0 1 0 0 1 0 1 1 1 1 1 1 1 1 1 1 1 1 1 1 1 0 1 
0 26 0 0 1 1 1 0 1 0 0 1 0 1 1 1 1 1 1 1 1 1 1 1 1 1 0 1 
11 9 1 0 1 0 1 0 0 1 1 
5 10 1 1 1 1 1 0 1 0 0 0 
5 10 1 0 1 0 1 1 0 1 1 0 
0 30 0 0 1 1 1 0 1 0 0 1 0 1 1 1 1 1 1 1 1 1 1 1 1 1 1 1 1 1 1 1 
0 28 0 0 1 1 1 0 1 0 0 1 0 1 1 1 1 1 1 1 1 1 1 1 1 1 1 0 0 1 
53 7 0 1 0 1 0 0 1 
7 10 0 0 1 1 1 0 1 0 1 1 
59 7 0 0 1 1 0 1 1 
0 24 0 0 1 1 1 0 1 0 0 1 0 1 1 1 1 1 1 1 1 1 1 0 1 1 
1 13 1 0 1 0 1 0 0 1 0 0 1 0 1 
1 13 1 0 1 0 1 0 0 1 0 0 1 0 0 
0 24 0 0 1 1 1 0 1 0 0 1 0 1 1 1 1 1 1 1 1 1 1 0 1 0 
1 13 0 0 1 1 1 0 1 0 0 1 0 0 1 
0 27 0 0 1 1 1 0 1 0 0 1 0 1 1 1 1 1 1 1 1 1 1 1 1 1 1 0 1 
0 25 0 0 1 1 1 0 1 0 0 1 0 1 1 1 1 1 1 1 1 1 0 0 1 1 1 
1 13 0 0 1 1 1 0 1 0 0 1 0 1 0 
1 12 1 0 1 0 1 0 0 1 0 0 1 1 
1 13 0 0 1 1 0 1 0 0 0 0 1 0 0 
1 13 0 0 1 1 0 1 0 0 0 0 1 0 1 
4 11 0 0 1 1 0 1 0 0 0 0 0 
2 12 0 0 1 1 1 0 1 0 0 0 0 1 
0 32 0 0 1 1 1 0 1 0 0 1 0 1 1 1 1 1 1 1 1 1 1 1 1 1 1 1 1 1 1 0 1 0 
0 24 0 0 1 1 1 0 1 0 0 1 0 1 1 1 1 1 1 1 1 1 0 0 1 0 
0 22 0 0 1 1 1 0 1 0 0 1 0 1 1 1 1 1 1 1 1 1 0 1 
0 28 0 0 1 1 1 0 1 0 0 1 0 1 1 1 1 1 1 1 1 1 1 1 1 1 1 1 1 0 
0 18 0 0 1 1 1 0 1 0 0 1 0 1 1 1 1 1 0 1 
7 10 0 0 1 1 1 0 1 0 1 0 
5 10 1 0 1 0 1 1 0 1 1 1 
24 8 1 0 1 0 1 0 0 0 
9 9 1 1 1 1 1 0 1 0 1 
2 12 0 0 1 1 1 0 1 0 0 0 0 0 
8 9 1 1 1 1 1 0 1 1 1 
0 32 0 0 1 1 1 0 1 0 0 1 0 1 1 1 1 1 1 1 1 1 1 1 1 1 1 1 1 1 1 0 0 0 
9 9 1 1 1 1 1 0 0 0 1 
10 9 1 0 1 0 1 1 0 1 0 
3 11 0 0 1 1 1 0 1 0 0 1 1 
1 13 0 0 1 1 0 1 0 0 0 0 1 1 1 
8 9 1 1 1 1 1 0 1 1 0 
9 9 1 1 1 1 1 0 0 1 1 
4 10 1 1 1 1 1 0 1 0 0 1 
0 26 0 0 1 1 1 0 1 0 0 1 0 1 1 1 1 1 1 1 1 1 1 1 1 1 0 0 
5 10 1 1 1 1 1 0 0 0 0 1 
0 23 0 0 1 1 1 0 1 0 0 1 0 1 1 1 1 1 1 1 1 0 0 1 0 
1 14 0 0 1 1 1 0 1 0 0 1 0 1 1 0 
15 9 0 0 1 1 0 1 0 0 1 
30 8 0 0 1 1 0 1 0 1 
1 13 0 0 1 1 0 1 0 0 0 0 1 1 0 
3 11 1 0 1 0 1 0 0 1 0 0 0 
9 9 1 1 1 1 1 0 0 1 0 
1 13 0 0 1 1 1 0 1 0 0 1 0 0 0 
2 12 0 0 1 1 1 0 1 0 0 0 1 1 
2 12 0 0 1 1 1 0 1 0 0 0 1 0 
0 21 0 0 1 1 1 0 1 0 0 1 0 1 1 1 1 1 1 1 1 0 1 
0 22 0 0 1 1 1 0 1 0 0 1 0 1 1 1 0 1 1 1 1 0 0 0 
0 20 0 0 1 1 1 0 1 0 0 1 0 1 1 1 0 1 1 1 1 1 
0 18 0 0 1 1 1 0 1 0 0 1 0 1 1 1 0 1 0 0 
0 23 0 0 1 1 1 0 1 0 0 1 0 1 1 1 0 1 1 1 1 0 0 1 0 
0 19 0 0 1 1 1 0 1 0 0 1 0 1 1 1 1 1 1 0 1 
422 4 0 1 0 0 
43 7 1 0 1 0 1 0 1 
146 5 1 1 1 1 0 
159 5 1 1 1 0 0 
622 3 1 1 0 
103 6 0 1 0 1 0 1 
110 6 0 0 1 1 1 1 
264 5 0 0 1 0 1 
387 4 1 0 0 0 
8 10 0 0 1 1 0 1 0 0 0 1 
38 7 1 0 1 0 1 1 1 
177 5 1 0 1 0 0 
102 6 0 1 0 1 1 0 
393 4 0 1 1 0 
354 4 1 0 0 1 
120 6 0 0 1 1 0 0 
6 10 1 0 1 0 1 0 0 1 0 1 
277 5 0 0 1 0 0 
346 4 1 0 1 1 
390 4 0 1 1 1 
154 5 1 1 1 0 1 
54 7 0 1 0 1 0 0 0 
58 7 0 0 1 1 1 0 0 
5 10 1 1 1 1 1 0 0 0 0 0 
96 6 0 1 0 1 1 1 
21 8 1 0 1 0 1 1 0 0 
0 19 0 0 1 1 1 0 1 0 0 1 0 1 1 1 0 1 1 1 0 
0 23 0 0 1 1 1 0 1 0 0 1 0 1 1 1 0 1 1 1 1 0 0 1 1 
0 22 0 0 1 1 1 0 1 0 0 1 0 1 1 1 1 1 1 1 1 0 0 0 
0 18 0 0 1 1 1 0 1 0 0 1 0 1 1 1 0 1 1 0 
0 22 0 0 1 1 1 0 1 0 0 1 0 1 1 1 0 1 1 1 1 0 1 0 
